"C:\logs\tron\raw_logs\GUID_dump_DESKTOP-D5S8I28_2024-05-01.txt",166,133590238548196588,133590202194598503,32
"C:\logs\tron\raw_logs\installed-programs-after.txt",276,133590250815364124,133590221177848703,32
"C:\logs\tron\raw_logs\installed-programs-before.txt",221,133590250815364124,133590202166315154,32
"C:\logs\tron\raw_logs\mbam_rules_install.log",6861,133590244469143783,133590210644245232,32
"C:\logs\tron\raw_logs\Metro_app_dump_DESKTOP-D5S8I28_2024-05-01.txt",3831,133590238554134055,133590202194598503,32
"C:\logs\tron\raw_logs\Temp\B748D3C39031ACF64A98049D5DC6DB90",0,133590251823685133,133590244640091848,16
"C:\logs\tron\raw_logs\Traces",0,133590244576342187,133590210763328815,16
"C:\logs\tron\registry_backup\BCD",28672,133590238610227511,133590202236476639,32
"C:\logs\tron\registry_backup\DEFAULT",331776,133590238610227511,133590202236476639,32
"C:\logs\tron\registry_backup\DRIVERS",5222400,133590238610383763,133590202236632904,32
"C:\logs\tron\registry_backup\ERDNT.CON",979,133590238610540011,133590202234757763,32
"C:\logs\tron\registry_backup\SECURITY",32768,133590238610227511,133590202236476639,32
"C:\logs\tron\registry_backup\SOFTWARE",79167488,133590238609758772,133590202235070288,32
"C:\logs\tron\registry_backup\SYSTEM",12505088,133590238608665023,133590202234757763,32
"C:\logs\tron\registry_backup\Users",0,133590238610540011,133590238610383763,16
"C:\logs\tron\registry_backup\Users\00000001",0,133590238610383763,133590238610383763,16
"C:\logs\tron\registry_backup\Users\00000002",0,133590238610540011,133590238610540011,16
"C:\logs\tron\registry_backup\Users\00000002\UsrClass.dat",1761280,133590238610540011,133590238610540011,32
"C:\ProgramData\Malwarebytes\Malwarebytes Anti-Malware",0,133590244469143783,133590210644801530,8208
"C:\ProgramData\Microsoft\Diagnosis\ETLLogs\Autologger\AutoLogger-Diagtrack-Listener.etl",3,133590250718596216,133590250718596216,8224
"C:\ProgramData\Microsoft\Network\Downloader\edb.chk",8192,133590267617213128,133590244679310391,8224
"C:\ProgramData\Microsoft\Network\Downloader\edb.log",1310720,133590267617213128,133590244679310391,8224
"C:\ProgramData\Microsoft\Network\Downloader\edbres00001.jrs",1310720,133590244679310391,133590244679310391,8224
"C:\ProgramData\Microsoft\Network\Downloader\edbres00002.jrs",1310720,133590244679310391,133590244679310391,8224
"C:\ProgramData\Microsoft\Network\Downloader\edbtmp.log",1310720,133590244679310391,133590244679310391,8224
"C:\ProgramData\Microsoft\Network\Downloader\qmgr.db",786432,133590267884311018,133590244679310391,8736
"C:\ProgramData\Microsoft\Network\Downloader\qmgr.jfm",16384,133590267617056866,133590244679310391,8224
"C:\ProgramData\Microsoft\Search\Data\Applications\Windows\GatherLogs\SystemIndex\SystemIndex.14.gthr",0,133590267803649305,133590267803649305,8224
"C:\ProgramData\Microsoft\Search\Data\Applications\Windows\Windows-usn.db",192512,133590267637100324,133590810447554266,8224
"C:\ProgramData\Microsoft\Search\Data\Applications\Windows\Windows.db",25452544,133590268846485725,133590810447554266,8224
"C:\ProgramData\Microsoft\Search\Data\Temp",0,133590267803024248,133590243014435230,8208
"C:\ProgramData\Microsoft\Search\Data\Temp\usgthrsvc",0,133590267803024248,133590267803024248,8208
"C:\ProgramData\Microsoft\Windows\AppRepository\Packages\MicrosoftWindows.CrossDevice_0.24041.34.0_neutral_split.scale-100_cw5n1h2txyewy",0,133590209742883816,133590209731591542,8208
"C:\ProgramData\Microsoft\Windows\AppRepository\Packages\MicrosoftWindows.CrossDevice_0.24041.34.0_neutral_split.scale-100_cw5n1h2txyewy\S-1-5-21-714335280-770811187-3963497040-1001.pckgdep",1128,133590209742883816,133590209742883816,8224
"C:\ProgramData\Microsoft\Windows\AppRepository\Packages\MicrosoftWindows.CrossDevice_0.24041.34.0_x64__cw5n1h2txyewy",0,133590209742883816,133590209730341455,8208
"C:\ProgramData\Microsoft\Windows\AppRepository\StateRepository-Deployment.srd-wal",0,133590227359717992,133590809965222816,8224
"C:\ProgramData\Microsoft\Windows\AppRepository\StateRepository-Machine.srd",3145728,133590267783647809,133590809964597819,8224
"C:\ProgramData\Microsoft\Windows\DeviceMetadataCache\dmrc.idx",714736,133590268307163954,133590172061968780,8224
"C:\ProgramData\Microsoft\Windows\WER\ReportArchive",0,133590262681676298,133590254148442362,10256
"C:\ProgramData\Microsoft\Windows\WER\ReportQueue",0,133590262681676298,133590254148442362,10256
"C:\ProgramData\Microsoft\Windows\WER\Temp",0,133590262682613791,132963746905921047,8208
"C:\ProgramData\Microsoft\Windows\WER\Temp\3588a807-9694-4f2f-b730-1cb31514d478",0,133590262675834036,133590262675834036,8224
"C:\ProgramData\Microsoft\Windows\wfp",0,133590251848800849,132963746905921047,8208
"C:\ProgramData\Microsoft\Windows\wfp\wfpdiag.etl",0,133590267786773031,133590251848800849,8192
"C:\ProgramData\Microsoft\Windows Defender\Definition Updates\{82D49520-E3EC-48B6-B99B-A4D47523F8A1}\mpasbase.vdm",81166416,133590171667170000,133590171677937049,8224
"C:\ProgramData\Microsoft\Windows Defender\Definition Updates\{82D49520-E3EC-48B6-B99B-A4D47523F8A1}\mpasdlta.vdm",12963928,133590218374980000,133590218375612504,8224
"C:\ProgramData\Microsoft\Windows Defender\Definition Updates\{82D49520-E3EC-48B6-B99B-A4D47523F8A1}\mpavbase.vdm",45045744,133590171669050000,133590171678153269,8224
"C:\ProgramData\Microsoft\Windows Defender\Definition Updates\{82D49520-E3EC-48B6-B99B-A4D47523F8A1}\mpavdlta.vdm",2103896,133590218375300000,133590218375612504,8224
"C:\ProgramData\Microsoft\Windows Defender\Definition Updates\{82D49520-E3EC-48B6-B99B-A4D47523F8A1}\mpengine.dll",19496144,133590171644900000,133590251249575996,8224
"C:\ProgramData\Microsoft\Windows Defender\Scans\History\Store",0,133590267569862026,133590170128326060,8208
"C:\ProgramData\Microsoft\Windows Defender\Scans\mpcache-32694FEE6593A5F84F28B81AC090BB16116AF16D.bin.01",1209256,133590251244133478,133590251244133478,8224
"C:\ProgramData\Microsoft\Windows Defender\Scans\mpcache-32694FEE6593A5F84F28B81AC090BB16116AF16D.bin.67",36269816,133590251245646669,133590251245459683,8224
"C:\ProgramData\Microsoft\Windows Defender\Scans\mpcache-32694FEE6593A5F84F28B81AC090BB16116AF16D.bin.6C",3381376,133590251245716727,133590251245706720,8224
"C:\ProgramData\Microsoft\Windows Defender\Scans\mpcache-32694FEE6593A5F84F28B81AC090BB16116AF16D.bin.79",63438848,133590251246099991,133590251245806795,8224
"C:\ProgramData\Microsoft\Windows Defender\Scans\mpcache-32694FEE6593A5F84F28B81AC090BB16116AF16D.bin.7C",8540160,133590251246601297,133590251246445026,8224
"C:\ProgramData\Microsoft\Windows Defender\Scans\mpcache-32694FEE6593A5F84F28B81AC090BB16116AF16D.bin.7E",30922048,133590251247542469,133590251247386246,8224
"C:\ProgramData\Microsoft\Windows Defender\Scans\mpcache-32694FEE6593A5F84F28B81AC090BB16116AF16D.bin.80",9830688,133590251248009937,133590251248009937,8224
"C:\ProgramData\Microsoft\Windows Defender\Scans\mpcache-32694FEE6593A5F84F28B81AC090BB16116AF16D.bin.83",2028520,133590251248634829,133590251248634829,8224
"C:\ProgramData\Microsoft\Windows Defender\Scans\mpcache-32694FEE6593A5F84F28B81AC090BB16116AF16D.bin.87",3628788,133590251248166159,133590251248009937,8224
"C:\ProgramData\Microsoft\Windows Defender\Scans\mpcache-32694FEE6593A5F84F28B81AC090BB16116AF16D.bin.A0",21243776,133590251248634829,133590251248634829,8224
"C:\ProgramData\Microsoft\Windows Defender\Scans\mpcache-32694FEE6593A5F84F28B81AC090BB16116AF16D.bin.DB",1898153,133590251248634829,133590251248634829,8224
"C:\ProgramData\Microsoft\Windows Defender\Scans\mpcache-32694FEE6593A5F84F28B81AC090BB16116AF16D.bin.E6",69412,133590251248634829,133590251248634829,8224
"C:\ProgramData\Microsoft\Windows Security Health\Logs\SHS-05012024-101947-7-1ff-22621.1.amd64fre.ni_release.220506-1250.etl",151552,133590262851900324,133590251878504093,8224
"C:\ProgramData\Microsoft\Windows Security Health\Logs\SHS-05012024-103824-7-1ff-22621.1.amd64fre.ni_release.220506-1250.etl",65536,133590266618544591,133590263048169248,8224
"C:\ProgramData\Microsoft\Windows Security Health\Logs\SHS-05012024-104441-7-1ff-22621.1.amd64fre.ni_release.220506-1250.etl",40960,133590267639600512,133590266814896660,8224
"C:\ProgramData\Microsoft\Windows Security Health\Logs\SHS-05012024-104621-7-1ff-22621.1.amd64fre.ni_release.220506-1250.etl",0,133590267814956849,133590267814956849,8192
"C:\ProgramData\Packages\MicrosoftWindows.Client.WebExperience_cw5n1h2txyewy\S-1-5-21-714335280-770811187-3963497040-1000",0,133590171371576556,133590810493316812,8208
"C:\ProgramData\Packages\MicrosoftWindows.Client.WebExperience_cw5n1h2txyewy\S-1-5-21-714335280-770811187-3963497040-1001",0,133590812065655711,133590812065655711,8208
"C:\ProgramData\Packages\MicrosoftWindows.Client.WebExperience_cw5n1h2txyewy\S-1-5-21-714335280-770811187-3963497040-1001\SystemAppData",0,133590812069657093,133590812065655711,8208
"C:\ProgramData\Packages\MicrosoftWindows.CrossDevice_cw5n1h2txyewy",0,133590209742733633,133590209742733633,8208
"C:\ProgramData\Packages\MicrosoftWindows.CrossDevice_cw5n1h2txyewy\S-1-5-21-714335280-770811187-3963497040-1001",0,133590209742733633,133590209742733633,8208
"C:\ProgramData\Packages\MicrosoftWindows.CrossDevice_cw5n1h2txyewy\S-1-5-21-714335280-770811187-3963497040-1001\SystemAppData",0,133590209742733633,133590209742733633,8208
"C:\ProgramData\regid.1991-06.com.microsoft",0,133590267804430607,132963746905921047,8208
"C:\ProgramData\regid.1991-06.com.microsoft\regid.1991-06.com.microsoft_Windows-10-Pro.swidtag",999,133590267804430607,133590809961472835,8224
"C:\ProgramData\Sophos\Sophos Virus Removal Tool\Logs\SophosVirusRemovalTool_cloud4.log",360,133590249578403597,133590211767801853,8224
"C:\ProgramData\USOShared\Logs\System\MoUxCoreWorker.09f9f416-f6c0-465e-a8fc-870a058edde2.1.etl",131072,133590266594902413,133590264224527776,8224
"C:\ProgramData\USOShared\Logs\System\MoUxCoreWorker.708ccd5f-de90-4e00-9e69-7c84f13b0a04.1.etl",262144,133590262784516169,133590253055047702,8224
"C:\ProgramData\USOShared\Logs\System\UpdateSessionOrchestration.05a07da9-e965-4a02-8da3-0d20f2569068.1.etl",1114112,133590262784516169,133590253055047702,8224
"C:\ProgramData\USOShared\Logs\System\UpdateSessionOrchestration.0ee55615-fbfc-40e2-bb28-dbd2f14c65c0.1.etl",458752,133590266594902413,133590264224527776,8224
"C:\ProgramData\USOShared\Logs\User",0,133590265319476753,132963746905921047,8208
"C:\ProgramData\USOShared\Logs\User\MoNotificationUx.72f99592-f1e7-4c52-9887-2432acc708d1.1.etl",8192,133590265319790981,133590265319476753,8224
"C:\ProgramData\USOShared\Logs\User\MoNotificationUx.800425d9-5dc5-4e90-a80f-6908bd3dbead.1.etl",8192,133590254849038832,133590254848726334,8224
"C:\Users\All Users\Malwarebytes\Malwarebytes Anti-Malware",0,133590244469143783,133590210644801530,8208
"C:\Users\All Users\Microsoft\Diagnosis\ETLLogs\Autologger\AutoLogger-Diagtrack-Listener.etl",3,133590250718596216,133590250718596216,8224
"C:\Users\All Users\Microsoft\Network\Downloader\edb.chk",8192,133590267617213128,133590244679310391,8224
"C:\Users\All Users\Microsoft\Network\Downloader\edb.log",1310720,133590267617213128,133590244679310391,8224
"C:\Users\All Users\Microsoft\Network\Downloader\edbres00001.jrs",1310720,133590244679310391,133590244679310391,8224
"C:\Users\All Users\Microsoft\Network\Downloader\edbres00002.jrs",1310720,133590244679310391,133590244679310391,8224
"C:\Users\All Users\Microsoft\Network\Downloader\edbtmp.log",1310720,133590244679310391,133590244679310391,8224
"C:\Users\All Users\Microsoft\Network\Downloader\qmgr.db",786432,133590267884311018,133590244679310391,8736
"C:\Users\All Users\Microsoft\Network\Downloader\qmgr.jfm",16384,133590267617056866,133590244679310391,8224
"C:\Users\All Users\Microsoft\Search\Data\Applications\Windows\GatherLogs\SystemIndex\SystemIndex.14.gthr",0,133590267803649305,133590267803649305,8224
"C:\Users\All Users\Microsoft\Search\Data\Applications\Windows\Windows-usn.db",192512,133590267637100324,133590810447554266,8224
"C:\Users\All Users\Microsoft\Search\Data\Applications\Windows\Windows.db",25452544,133590268846485725,133590810447554266,8224
"C:\Users\All Users\Microsoft\Search\Data\Temp",0,133590267803024248,133590243014435230,8208
"C:\Users\All Users\Microsoft\Search\Data\Temp\usgthrsvc",0,133590268845860679,133590267803024248,8208
"C:\Users\All Users\Microsoft\Windows\AppRepository\Packages\MicrosoftWindows.CrossDevice_0.24041.34.0_neutral_split.scale-100_cw5n1h2txyewy",0,133590209742883816,133590209731591542,8208
"C:\Users\All Users\Microsoft\Windows\AppRepository\Packages\MicrosoftWindows.CrossDevice_0.24041.34.0_neutral_split.scale-100_cw5n1h2txyewy\S-1-5-21-714335280-770811187-3963497040-1001.pckgdep",1128,133590209742883816,133590209742883816,8224
"C:\Users\All Users\Microsoft\Windows\AppRepository\Packages\MicrosoftWindows.CrossDevice_0.24041.34.0_x64__cw5n1h2txyewy",0,133590209742883816,133590209730341455,8208
"C:\Users\All Users\Microsoft\Windows\AppRepository\StateRepository-Deployment.srd-wal",0,133590227359717992,133590809965222816,8224
"C:\Users\All Users\Microsoft\Windows\AppRepository\StateRepository-Machine.srd",3145728,133590267783647809,133590809964597819,8224
"C:\Users\All Users\Microsoft\Windows\DeviceMetadataCache\dmrc.idx",714736,133590268307163954,133590172061968780,8224
"C:\Users\All Users\Microsoft\Windows\WER\ReportArchive",0,133590262683551283,133590254148442362,10256
"C:\Users\All Users\Microsoft\Windows\WER\ReportQueue",0,133590262683551283,133590254148442362,10256
"C:\Users\All Users\Microsoft\Windows\WER\Temp",0,133590262683551283,132963746905921047,8208
"C:\Users\All Users\Microsoft\Windows\WER\Temp\3588a807-9694-4f2f-b730-1cb31514d478",0,133590262675834036,133590262675834036,8224
"C:\Users\All Users\Microsoft\Windows\wfp",0,133590251848800849,132963746905921047,8208
"C:\Users\All Users\Microsoft\Windows\wfp\wfpdiag.etl",0,133590267786773031,133590251848800849,8192
"C:\Users\All Users\Microsoft\Windows Defender\Definition Updates\{82D49520-E3EC-48B6-B99B-A4D47523F8A1}\mpasbase.vdm",81166416,133590171667170000,133590171677937049,8224
"C:\Users\All Users\Microsoft\Windows Defender\Definition Updates\{82D49520-E3EC-48B6-B99B-A4D47523F8A1}\mpasdlta.vdm",12963928,133590218374980000,133590218375612504,8224
"C:\Users\All Users\Microsoft\Windows Defender\Definition Updates\{82D49520-E3EC-48B6-B99B-A4D47523F8A1}\mpavbase.vdm",45045744,133590171669050000,133590171678153269,8224
"C:\Users\All Users\Microsoft\Windows Defender\Definition Updates\{82D49520-E3EC-48B6-B99B-A4D47523F8A1}\mpavdlta.vdm",2103896,133590218375300000,133590218375612504,8224
"C:\Users\All Users\Microsoft\Windows Defender\Definition Updates\{82D49520-E3EC-48B6-B99B-A4D47523F8A1}\mpengine.dll",19496144,133590171644900000,133590251249575996,8224
"C:\Users\All Users\Microsoft\Windows Defender\Scans\History\Store",0,133590267569862026,133590170128326060,8208
"C:\Users\All Users\Microsoft\Windows Defender\Scans\mpcache-32694FEE6593A5F84F28B81AC090BB16116AF16D.bin.01",1209256,133590251244133478,133590251244133478,8224
"C:\Users\All Users\Microsoft\Windows Defender\Scans\mpcache-32694FEE6593A5F84F28B81AC090BB16116AF16D.bin.67",36269816,133590251245646669,133590251245459683,8224
"C:\Users\All Users\Microsoft\Windows Defender\Scans\mpcache-32694FEE6593A5F84F28B81AC090BB16116AF16D.bin.6C",3381376,133590251245716727,133590251245706720,8224
"C:\Users\All Users\Microsoft\Windows Defender\Scans\mpcache-32694FEE6593A5F84F28B81AC090BB16116AF16D.bin.79",63438848,133590251246099991,133590251245806795,8224
"C:\Users\All Users\Microsoft\Windows Defender\Scans\mpcache-32694FEE6593A5F84F28B81AC090BB16116AF16D.bin.7C",8540160,133590251246601297,133590251246445026,8224
"C:\Users\All Users\Microsoft\Windows Defender\Scans\mpcache-32694FEE6593A5F84F28B81AC090BB16116AF16D.bin.7E",30922048,133590251247542469,133590251247386246,8224
"C:\Users\All Users\Microsoft\Windows Defender\Scans\mpcache-32694FEE6593A5F84F28B81AC090BB16116AF16D.bin.80",9830688,133590251248009937,133590251248009937,8224
"C:\Users\All Users\Microsoft\Windows Defender\Scans\mpcache-32694FEE6593A5F84F28B81AC090BB16116AF16D.bin.83",2028520,133590251248634829,133590251248634829,8224
"C:\Users\All Users\Microsoft\Windows Defender\Scans\mpcache-32694FEE6593A5F84F28B81AC090BB16116AF16D.bin.87",3628788,133590251248166159,133590251248009937,8224
"C:\Users\All Users\Microsoft\Windows Defender\Scans\mpcache-32694FEE6593A5F84F28B81AC090BB16116AF16D.bin.A0",21243776,133590251248634829,133590251248634829,8224
"C:\Users\All Users\Microsoft\Windows Defender\Scans\mpcache-32694FEE6593A5F84F28B81AC090BB16116AF16D.bin.DB",1898153,133590251248634829,133590251248634829,8224
"C:\Users\All Users\Microsoft\Windows Defender\Scans\mpcache-32694FEE6593A5F84F28B81AC090BB16116AF16D.bin.E6",69412,133590251248634829,133590251248634829,8224
"C:\Users\All Users\Microsoft\Windows Security Health\Logs\SHS-05012024-101947-7-1ff-22621.1.amd64fre.ni_release.220506-1250.etl",151552,133590262851900324,133590251878504093,8224
"C:\Users\All Users\Microsoft\Windows Security Health\Logs\SHS-05012024-103824-7-1ff-22621.1.amd64fre.ni_release.220506-1250.etl",65536,133590266618544591,133590263048169248,8224
"C:\Users\All Users\Microsoft\Windows Security Health\Logs\SHS-05012024-104441-7-1ff-22621.1.amd64fre.ni_release.220506-1250.etl",40960,133590267639600512,133590266814896660,8224
"C:\Users\All Users\Microsoft\Windows Security Health\Logs\SHS-05012024-104621-7-1ff-22621.1.amd64fre.ni_release.220506-1250.etl",0,133590267814956849,133590267814956849,8192
"C:\Users\All Users\Packages\MicrosoftWindows.Client.WebExperience_cw5n1h2txyewy\S-1-5-21-714335280-770811187-3963497040-1000",0,133590171371576556,133590810493316812,8208
"C:\Users\All Users\Packages\MicrosoftWindows.Client.WebExperience_cw5n1h2txyewy\S-1-5-21-714335280-770811187-3963497040-1001",0,133590812065655711,133590812065655711,8208
"C:\Users\All Users\Packages\MicrosoftWindows.Client.WebExperience_cw5n1h2txyewy\S-1-5-21-714335280-770811187-3963497040-1001\SystemAppData",0,133590812069657093,133590812065655711,8208
"C:\Users\All Users\Packages\MicrosoftWindows.CrossDevice_cw5n1h2txyewy",0,133590209742733633,133590209742733633,8208
"C:\Users\All Users\Packages\MicrosoftWindows.CrossDevice_cw5n1h2txyewy\S-1-5-21-714335280-770811187-3963497040-1001",0,133590209742733633,133590209742733633,8208
"C:\Users\All Users\Packages\MicrosoftWindows.CrossDevice_cw5n1h2txyewy\S-1-5-21-714335280-770811187-3963497040-1001\SystemAppData",0,133590209742733633,133590209742733633,8208
"C:\Users\All Users\regid.1991-06.com.microsoft",0,133590267804430607,132963746905921047,8208
"C:\Users\All Users\regid.1991-06.com.microsoft\regid.1991-06.com.microsoft_Windows-10-Pro.swidtag",999,133590267804430607,133590809961472835,8224
"C:\Users\All Users\Sophos\Sophos Virus Removal Tool\Logs\SophosVirusRemovalTool_cloud4.log",360,133590249578403597,133590211767801853,8224
"C:\Users\All Users\USOShared\Logs\System\MoUxCoreWorker.09f9f416-f6c0-465e-a8fc-870a058edde2.1.etl",131072,133590266594902413,133590264224527776,8224
"C:\Users\All Users\USOShared\Logs\System\MoUxCoreWorker.708ccd5f-de90-4e00-9e69-7c84f13b0a04.1.etl",262144,133590262784516169,133590253055047702,8224
"C:\Users\All Users\USOShared\Logs\System\UpdateSessionOrchestration.05a07da9-e965-4a02-8da3-0d20f2569068.1.etl",1114112,133590262784516169,133590253055047702,8224
"C:\Users\All Users\USOShared\Logs\System\UpdateSessionOrchestration.0ee55615-fbfc-40e2-bb28-dbd2f14c65c0.1.etl",458752,133590266594902413,133590264224527776,8224
"C:\Users\All Users\USOShared\Logs\User",0,133590265319476753,132963746905921047,8208
"C:\Users\All Users\USOShared\Logs\User\MoNotificationUx.72f99592-f1e7-4c52-9887-2432acc708d1.1.etl",8192,133590265319790981,133590265319476753,8224
"C:\Users\All Users\USOShared\Logs\User\MoNotificationUx.800425d9-5dc5-4e90-a80f-6908bd3dbead.1.etl",8192,133590254849038832,133590254848726334,8224
"C:\Users\Macaniak\Desktop\System Companion.lnk",2460,133590254501608395,133590254501452144,32
"C:\Windows\appcompat\pca\PcaGeneralDb0.txt",7188,133590267439794101,133590170366935073,32
"C:\Windows\appcompat\Programs\Amcache.hve.LOG1",24576,133590810455057939,133590810455057939,38
"C:\Windows\INF\WmiApRpl\0009",0,133590265648278389,133590265648278389,16
"C:\Windows\INF\WmiApRpl\0009\WmiApRpl.ini",29736,133590265648278389,133590265648278389,32
"C:\Windows\INF\WmiApRpl\WmiApRpl.h",3444,133590265524901743,133590265648278389,32
"C:\Windows\INF\WmiApRpl\WmiApRpl.ini",29736,133590265648278389,133590265648278389,32
"C:\Windows\Logs\CBS\CBS.log",525785,133590251611636516,133590243259790710,2080
"C:\Windows\Logs\DISM",0,133590243257290726,133590171646143749,16
"C:\Windows\Logs\DISM\dism.log",57713,133590244253196700,133590243257290726,32
"C:\Windows\Logs\MeasuredBoot\0000000007-0000000000.log",68205,133590251813685205,133590251813685205,36
"C:\Windows\Logs\MeasuredBoot\0000000008-0000000000.log",68205,133590262983686535,133590262983686535,36
"C:\Windows\Logs\MeasuredBoot\0000000009-0000000000.log",68205,133590266752284996,133590266752284996,36
"C:\Windows\Logs\MeasuredBoot\0000000010-0000000000.log",68205,133590267752294829,133590267752294829,36
"C:\Windows\Logs\WindowsUpdate\WindowsUpdate.20240501.100523.275.1.etl",36864,133590249253305759,133590243232759609,8224
"C:\Windows\Logs\WindowsUpdate\WindowsUpdate.20240501.101754.719.1.etl",81920,133590251621832985,133590250747196215,8224
"C:\Windows\Logs\WindowsUpdate\WindowsUpdate.20240501.101946.284.1.etl",69632,133590262795018059,133590251862842025,8224
"C:\Windows\Logs\WindowsUpdate\WindowsUpdate.20240501.103823.502.1.etl",45056,133590266605565610,133590263035020795,8224
"C:\Windows\Logs\WindowsUpdate\WindowsUpdate.20240501.104440.801.1.etl",40960,133590267627251983,133590266808010939,8224
"C:\Windows\Logs\WindowsUpdate\WindowsUpdate.20240501.104620.490.1.etl",28672,133590267830397355,133590267804904452,8192
"C:\Windows\Prefetch\BRAVE.EXE-740024AA.pf",41810,133590264735638662,133590170461645923,8224
"C:\Windows\Prefetch\BRAVE.EXE-740024AB.pf",50088,133590264790095436,133590170510068015,8224
"C:\Windows\Prefetch\BRAVE.EXE-740024AC.pf",37767,133590264790185750,133590170510068015,8224
"C:\Windows\Prefetch\BRAVE.EXE-740024AD.pf",4413,133590264787363805,133590170488489367,8224
"C:\Windows\Prefetch\BRAVE.EXE-740024B1.pf",30199,133590264790892480,133590170442464823,8224
"C:\Windows\Prefetch\CAFFEINE.EXE-87F7AD5F.pf",5144,133590251210457769,133590202310083858,8224
"C:\Windows\Prefetch\CCLEANER64.EXE-10651A90.pf",37209,133590241298408985,133590207090803547,8224
"C:\Windows\Prefetch\CERTUTIL.EXE-28F1E0C1.pf",11977,133590244315540121,133590207075021112,8224
"C:\Windows\Prefetch\CLEANMGR.EXE-1282D612.pf",19629,133590243357606951,133590209187680781,8224
"C:\Windows\Prefetch\CMD.EXE-0BD30981.pf",4942,133590268363319771,133590201475194021,8224
"C:\Windows\Prefetch\COMPPKGSRV.EXE-4780F0C1.pf",5549,133590254532399270,133590182137819121,8224
"C:\Windows\Prefetch\CONHOST.EXE-0C6456FB.pf",8368,133590268402541444,133590171517145462,8224
"C:\Windows\Prefetch\CONSENT.EXE-40419367.pf",38107,133590267191337592,133590813063648606,8224
"C:\Windows\Prefetch\DEFRAGGLER.EXE-7EAE8269.pf",4641,133590250772245302,133590221169087523,8224
"C:\Windows\Prefetch\DISMHOST.EXE-9ED88D89.pf",14139,133590249680573281,133590171667616645,8224
"C:\Windows\Prefetch\DLLHOST.EXE-15CDDA9C.pf",6940,133590252253297739,133590241694334034,8224
"C:\Windows\Prefetch\DLLHOST.EXE-1FD09378.pf",8757,133590257250101349,133590813047544915,8224
"C:\Windows\Prefetch\DLLHOST.EXE-4F1B3E7E.pf",8500,133590242004753469,133590227061722322,8224
"C:\Windows\Prefetch\DRIVECLEANUP X64.EXE-46D94125.pf",3661,133590243200103523,133590209005513345,8224
"C:\Windows\Prefetch\FINDDUPE.EXE-D28431E2.pf",2348,133590243198853538,133590209004259431,8224
"C:\Windows\Prefetch\FINDSTR.EXE-1BC2295F.pf",2862,133590268390665555,133590201496296806,8224
"C:\Windows\Prefetch\KVRT.EXE-F73C131C.pf",56237,133590244584310893,133590210771141901,8224
"C:\Windows\Prefetch\MBAMTRAY.EXE-08C66B4A.pf",33635,133590244416175321,133590210591805195,8224
"C:\Windows\Prefetch\MBAMWSC.EXE-2DADCD3B.pf",5951,133590251208477910,133590210716418274,8224
"C:\Windows\Prefetch\MSEDGEWEBVIEW2.EXE-59C41046.pf",18916,133590263423022623,133590813404985968,8224
"C:\Windows\Prefetch\MSIEXEC.EXE-8FFB1633.pf",5904,133590250821824614,133590189147096408,8224
"C:\Windows\Prefetch\MSIZAP.EXE-3B3EDE51.pf",8894,133590249579699544,133590216613601033,8224
"C:\Windows\Prefetch\NET.EXE-A0964F30.pf",2164,133590268707100345,133590201967769679,8224
"C:\Windows\Prefetch\NET1.EXE-509326A5.pf",2357,133590268707100345,133590201967769679,8224
"C:\Windows\Prefetch\NETSH.EXE-A596235F.pf",10937,133590250720158441,133590209086454993,8224
"C:\Windows\Prefetch\OPTIONALFEATURES.EXE-F3E13EA6.pf",11222,133590202343367601,133590199459795571,8224
"C:\Windows\Prefetch\PCAUI.EXE-F2620C5F.pf",3983,133590267191181330,133590223669450231,8224
"C:\Windows\Prefetch\POWERSHELL.EXE-CA1AE517.pf",63665,133590268714913433,133590201986833607,8224
"C:\Windows\Prefetch\RUNDLL32.EXE-2F971BE4.pf",15216,133590241284495106,133590207078927654,8224
"C:\Windows\Prefetch\RUNTIMEBROKER.EXE-CEE04A22.pf",4173,133590265421346393,133590186184209225,8224
"C:\Windows\Prefetch\RUNTIMEBROKER.EXE-D10684B9.pf",20291,133590268190592772,133590200820809727,8224
"C:\Windows\Prefetch\SCHTASKS.EXE-8B6144A9.pf",3545,133590250699583881,133590218231917843,8224
"C:\Windows\Prefetch\SEARCHFILTERHOST.EXE-44162447.pf",3825,133590259198123864,133590811645843726,8224
"C:\Windows\Prefetch\SHELLEXPERIENCEHOST.EXE-3554D8C0.pf",35503,133590265528706716,133590225404257848,8224
"C:\Windows\Prefetch\SRTASKS.EXE-3C9D2EEC.pf",4037,133590268862580674,133590202139668972,8224
"C:\Windows\Prefetch\STARTMENUEXPERIENCEHOST.EXE-4DCEE2F2.pf",42548,133590267191025067,133590192885406698,8224
"C:\Windows\Prefetch\SVCHOST.EXE-0114DDBC.pf",6154,133590259533020252,133590252616096502,8224
"C:\Windows\Prefetch\SVCHOST.EXE-02AD9878.pf",3585,133590266139419514,133590226014752099,8224
"C:\Windows\Prefetch\SVCHOST.EXE-47D06EA1.pf",3695,133590267612681545,133590223778725425,8224
"C:\Windows\Prefetch\SVCHOST.EXE-6A249820.pf",5276,133590268818202369,133590170995442296,8224
"C:\Windows\Prefetch\SVCHOST.EXE-9F82877C.pf",5424,133590257981760773,133590817858774403,8224
"C:\Windows\Prefetch\SVCHOST.EXE-DB425447.pf",6059,133590236303857161,133590181613860959,8224
"C:\Windows\Prefetch\SVCHOST.EXE-E6C002FB.pf",5284,133590266139263268,133590195970601009,8224
"C:\Windows\Prefetch\SVCHOST.EXE-F2871C3E.pf",13063,133590238675702442,133590223812639096,8224
"C:\Windows\Prefetch\SVRTCLI.EXE-A0F2B020.pf",10919,133590245500063510,133590211771864656,8224
"C:\Windows\Prefetch\SVRTSERVICE.EXE-CA81F6BD.pf",29497,133590245457563735,133590211730455298,8224
"C:\Windows\Prefetch\TASKHOSTW.EXE-2E5D4B75.pf",8799,133590267504544649,133590812874833879,8224
"C:\Windows\Prefetch\TASKKILL.EXE-BE180FC8.pf",5737,133590268707412874,133590194660249143,8224
"C:\Windows\Prefetch\TIWORKER.EXE-20952EC6.pf",50747,133590249587519250,133590202311802737,8224
"C:\Windows\Prefetch\VSSVC.EXE-6C8F0C66.pf",7496,133590268818046108,133590170995290385,8224
"C:\Windows\Prefetch\WMIPRVSE.EXE-39F97B2D.pf",5012,133590244778528613,133590210967453796,8224
"C:\Windows\Prefetch\WMIPRVSE.EXE-E8B8DD29.pf",8091,133590268190749035,133590817840960560,8224
"C:\Windows\security\logs\scecomp.old",2080,133590251196316387,133590251841721862,32
"C:\Windows\ServiceState\WinHttpAutoProxySvc\Data",0,133590251847817889,133590251847817889,16
"C:\Windows\ServiceState\WinHttpAutoProxySvc\Data\cachev3.dat",0,133590251847817889,133590251847817889,38
"C:\Windows\SoftwareDistribution\DataStore\DataStore.jfm",16384,133590267627095721,133590812883744675,32
"C:\Windows\SoftwareDistribution\DataStore\Logs",0,133590263035261370,133590812883588419,16
"C:\Windows\SoftwareDistribution\DataStore\Logs\edb.chk",8192,133590267627251983,133590243217447184,32
"C:\Windows\SoftwareDistribution\DataStore\Logs\edb.log",1310720,133590267627251983,133590812883588419,32
"C:\Windows\SoftwareDistribution\DataStore\Logs\edb0002F.log",1310720,133590262795018059,133590812883588419,32
"C:\Windows\SoftwareDistribution\DataStore\Logs\edbres00001.jrs",1310720,133590243232915858,133590243232915858,32
"C:\Windows\SoftwareDistribution\DataStore\Logs\edbres00002.jrs",1310720,133590243232915858,133590243232915858,32
"C:\Windows\SoftwareDistribution\DataStore\Logs\edbtmp.log",1310720,133590263035321402,133590263035261370,32
"C:\Windows\SoftwareDistribution\Download",0,133590243233540853,133590243233540853,16
"C:\Windows\SoftwareDistribution\Download\SharedFileCache",0,133590243233540853,133590243233540853,16
"C:\Windows\System32\AMD\EeuDumps\R-gpu-0-g6-c200-2024-5-1-10-23-43-328.log",944621,133590268796950786,133590254233285490,32
"C:\Windows\System32\AMD\MmdDumps",0,133590233944619007,133590171290507533,16
"C:\Windows\System32\catroot2\dberr.txt",781,133590250856212190,133590244342571225,8224
"C:\Windows\System32\catroot2\{127D0A1D-4EF2-11D1-8608-00C04FC295EE}\catdb.jfm",16384,133590251622301571,132963828546437307,8224
"C:\Windows\System32\catroot2\{F750E6C3-38EE-11D1-85E5-00C04FC295EE}\catdb.jfm",16384,133590251622457817,132963828546906114,8224
"C:\Windows\System32\LogFiles\setupcln\diagerr.xml",28578,133590244020815210,133590243257134476,32
"C:\Windows\System32\LogFiles\setupcln\diagwrn.xml",28578,133590244020815210,133590243257134476,32
"C:\Windows\System32\LogFiles\setupcln\setupact.log",37891,133590244020815210,133590243257134476,32
"C:\Windows\System32\LogFiles\setupcln\setuperr.log",0,133590243257134476,133590243257134476,32
"C:\Windows\System32\LogFiles\WMI\Diagtrack-Listener.etl.001",2424832,133590266618700834,133590262987905258,8224
"C:\Windows\System32\LogFiles\WMI\Diagtrack-Listener.etl.002",2883584,133590267639913034,133590266756347802,8224
"C:\Windows\System32\LogFiles\WMI\Diagtrack-Listener.etl.003",0,133590267756045109,133590267756045109,8192
"C:\Windows\System32\LogFiles\WMI\Diagtrack-Listener.etl.007",13107200,133590262851900324,133590251817903925,8224
"C:\Windows\System32\LogFiles\WMI\LwtNetLog.etl",0,133590267756045109,133590251817903925,8192
"C:\Windows\System32\LogFiles\WMI\Microsoft-Windows-Rdp-Graphics-RdpIdd-Trace.etl",0,133590267756045109,133590251817903925,8192
"C:\Windows\System32\LogFiles\WMI\NetCore.etl",23068672,133590267756045109,133590251817903925,8224
"C:\Windows\System32\LogFiles\WMI\NtfsLog.etl",0,133590267756045109,133590251817903925,8192
"C:\Windows\System32\LogFiles\WMI\RadioMgr.etl",6291456,133590267756045109,133590251817903925,8224
"C:\Windows\System32\LogFiles\WMI\ReFSLog.etl",0,133590267756045109,133590251817903925,8192
"C:\Windows\System32\LogFiles\WMI\RtBackup",0,133590267789429484,132963746909671114,16
"C:\Windows\System32\LogFiles\WMI\Wifi.etl",0,133590267756045109,133590251817903925,8192
"C:\Windows\System32\SleepStudy\ScreenOn",0,133590267793961073,133590809966941550,16
"C:\Windows\System32\SleepStudy\ScreenOn\ScreenOnPowerStudyTraceSession-2024-05-01-10-19-45.etl",131072,133590262800181942,133590251850453286,8224
"C:\Windows\System32\SleepStudy\ScreenOn\ScreenOnPowerStudyTraceSession-2024-05-01-10-38-22.etl",131072,133590266607917010,133590263020422025,8224
"C:\Windows\System32\SleepStudy\ScreenOn\ScreenOnPowerStudyTraceSession-2024-05-01-10-44-39.etl",131072,133590267630224811,133590266795658561,8224
"C:\Windows\System32\SleepStudy\ScreenOn\ScreenOnPowerStudyTraceSession-2024-05-01-10-46-19.etl",0,133590267793961073,133590267793961073,8192
"C:\Windows\System32\SleepStudy\SleepStudyControlTraceSession.etl",851968,133590268111827962,133590251671992651,8224
"C:\Windows\System32\SleepStudy\SleepStudyTraceSession.etl",0,133590267780199987,133590251842190611,8192
"C:\Windows\System32\sru\SRU.chk",8192,133590267630224811,133590242111645541,32
"C:\Windows\System32\sru\SRU.log",65536,133590267630224811,133590242111645541,32
"C:\Windows\System32\sru\SRU00018.log",65536,133590267627880866,133590242111645541,32
"C:\Windows\System32\sru\SRU00019.log",65536,133590267628662196,133590242111645541,32
"C:\Windows\System32\sru\SRU0001A.log",65536,133590267629912288,133590242111645541,32
"C:\Windows\System32\sru\SRUDB.dat",1703936,133590267793336026,133590242111645541,32
"C:\Windows\System32\sru\SRUDB.jfm",16384,133590267630224811,133590242111645541,32
"C:\Windows\System32\sru\SRUres00001.jrs",65536,133590242111645541,133590242111645541,32
"C:\Windows\System32\sru\SRUres00002.jrs",65536,133590242111645541,133590242111645541,32
"C:\Windows\System32\sru\SRUtmp.log",65536,133590266607448264,133590242111645541,32
"C:\Windows\System32\Tasks\Microsoft\Windows\Windows Defender\Windows Defender Cache Maintenance",3816,133590257885033090,133590257885033090,32
"C:\Windows\System32\Tasks\Microsoft\Windows\Windows Defender\Windows Defender Cleanup",3770,133590257885033090,133590257885033090,32
"C:\Windows\System32\Tasks\Microsoft\Windows\Windows Defender\Windows Defender Scheduled Scan",3822,133590257885189341,133590257885189341,32
"C:\Windows\System32\Tasks\Microsoft\Windows\Windows Defender\Windows Defender Verification",3800,133590257884876841,133590257884876841,32
"C:\Windows\System32\wbem\Performance\WmiApRpl.h",3444,133590265524901743,133590812835608321,32
"C:\Windows\System32\wbem\Performance\WmiApRpl.ini",29736,133590265648278389,133590812849828142,32
"C:\Windows\System32\wbem\Repository\MAPPING1.MAP",82220,133590267627564506,132963748900892662,8224
"C:\Windows\System32\wbem\Repository\OBJECTS.DATA",24944640,133590268760229302,132963748900892662,8224
"C:\Windows\System32\WDI\LogFiles\BootPerfDiagLogger.etl",7262466,133590268703350067,133590251817903925,8224
"C:\Windows\System32\WDI\LogFiles\ShutdownPerfDiagLogger.etl",3932160,133590266618544591,133590251601237024,8224
"C:\Windows\System32\WDI\LogFiles\StartupInfo",0,133590268716007263,133590252780480186,16
"C:\Windows\System32\WDI\LogFiles\StartupInfo\S-1-5-21-714335280-770811187-3963497040-1001_StartupInfo1.xml",2568,133590252780480186,133590252780480186,32
"C:\Windows\System32\WDI\LogFiles\StartupInfo\S-1-5-21-714335280-770811187-3963497040-1001_StartupInfo2.xml",1436,133590263943864267,133590263943864267,32
"C:\Windows\System32\WDI\LogFiles\StartupInfo\S-1-5-21-714335280-770811187-3963497040-1001_StartupInfo3.xml",1436,133590268716007263,133590268716007263,32
"C:\Windows\System32\WDI\LogFiles\WdiContextLog.etl.001",524288,133590268713194549,133590251817903925,8192
"C:\Windows\System32\WDI\LogFiles\WdiContextLog.etl.002",737280,133590266618544591,133590262987905258,8224
"C:\Windows\System32\WDI\LogFiles\WdiContextLog.etl.003",622592,133590267639756773,133590266756347802,8224
"C:\Windows\System32\WDI\{86432a0b-3c7d-4ddf-a89c-172faa90485d}\{090dc7d0-22e1-4a3f-8207-97848bf6259d}\snapshot.etl",524288,133590263940270543,133590263940270543,32
"C:\Windows\System32\WDI\{86432a0b-3c7d-4ddf-a89c-172faa90485d}\{1044c852-a8c5-4717-b128-a0dd6dce64c3}",0,133590252770167756,133590252770167756,16
"C:\Windows\System32\WDI\{86432a0b-3c7d-4ddf-a89c-172faa90485d}\{1044c852-a8c5-4717-b128-a0dd6dce64c3}\snapshot.etl",557056,133590252770167756,133590252770167756,32
"C:\Windows\System32\WDI\{86432a0b-3c7d-4ddf-a89c-172faa90485d}\{8f9185d0-d289-4691-9e8b-98c3008d66cf}",0,133590268713194549,133590268713194549,16
"C:\Windows\System32\WDI\{86432a0b-3c7d-4ddf-a89c-172faa90485d}\{8f9185d0-d289-4691-9e8b-98c3008d66cf}\snapshot.etl",524288,133590268713194549,133590268713194549,32
"C:\Windows\System32\winevt\Logs\HardwareEvents.evtx",69632,133590251622457817,133590809961004089,32
"C:\Windows\System32\winevt\Logs\Internet Explorer.evtx",69632,133590251622457817,133590809961004089,32
"C:\Windows\System32\winevt\Logs\Key Management Service.evtx",69632,133590251622457817,133590809961004089,32
"C:\Windows\System32\winevt\Logs\Microsoft-Windows-AppLocker%4MSI and Script.evtx",1052672,133590251622457817,133590809967566542,32
"C:\Windows\System32\winevt\Logs\Microsoft-Windows-AppXDeploymentServer%4Restricted.evtx",69632,133590251622457817,133590809974910255,32
"C:\Windows\System32\winevt\Logs\Microsoft-Windows-AppxPackaging%4Operational.evtx",1052672,133590268726320526,133590809985920777,32
"C:\Windows\System32\winevt\Logs\Microsoft-Windows-Containers-Wcifs%4Operational.evtx",69632,133590268389415462,133590809967566542,32
"C:\Windows\System32\winevt\Logs\Microsoft-Windows-HelloForBusiness%4Operational.evtx",69632,133590266606038195,133590810462877891,32
"C:\Windows\System32\winevt\Logs\Microsoft-Windows-Kernel-PnP%4Device Management.evtx",69632,133590266606194450,133590809961160340,32
"C:\Windows\System32\winevt\Logs\Microsoft-Windows-Ntfs%4WHC.evtx",69632,133590268383477518,133590809961316587,32
"C:\Windows\System32\winevt\Logs\Microsoft-Windows-ReadyBoost%4Operational.evtx",69632,133590268800701065,133590810850490840,32
"C:\Windows\System32\winevt\Logs\Microsoft-Windows-Storage-Storport%4Operational.evtx",1118208,133590268383321257,133590809961316587,32
"C:\Windows\System32\winevt\Logs\Microsoft-Windows-User Profile Service%4Operational.evtx",69632,133590268402072663,133590809964754067,32
"C:\Windows\System32\winevt\Logs\Microsoft-Windows-WinRM%4Operational.evtx",69632,133590268494579544,133590811564266829,32
"C:\Windows\System32\winevt\Logs\Security.evtx",1118208,133590267788023127,133590809961004089,32
"C:\Windows\System32\winevt\Logs\Setup.evtx",69632,133590251622457817,133590810258606061,32
"C:\Windows\System32\winevt\Logs\System.evtx",1118208,133590267789116957,133590809960847836,32
"C:\Windows\System32\winevt\Logs\Windows PowerShell.evtx",1118208,133590268715694741,133590809961004089,32
"C:\Windows\Temp\bb3a785178f443fda931098a5a9a306b.db.ses",53,133590251851399586,133590251851399586,32
"C:\Windows\Temp\mat-debug-3444.log",0,133590237750929867,133590237750929867,128
"C:\Windows\Temp\mat-debug-3748.log",0,133590266789095568,133590266789095568,32
"C:\Windows\Temp\mat-debug-3780.log",0,133590267788960701,133590267788960701,32
"C:\Windows\Temp\mat-debug-3856.log",0,133590263020722472,133590263020722472,32
"C:\Windows\Temp\mat-debug-3860.log",0,133590251851104212,133590251851104212,32
"C:\Windows\Temp\temp.01DA9BA0532AE172.sdb",31242,133590197435942909,133590251853242737,32
"C:\Windows\Temp\temp.01DA9BA2ECDDD4B6.sdb",1148,133448138810049669,133590263021819061,32
"C:\Windows\Temp\temp.01DA9BA3CD62C15D.sdb",31242,133590197435942909,133590266788626781,32
"C:\Windows\Temp\temp.01DA9BA4093E3FAD.sdb",1148,133448138810049669,133590267792867244,32
